Province,La Spezia,Varese,Como,Lecco,Sondrio,Milano,Bergamo,Brescia,Pavia,Lodi,Cremona,Mantova,Bolzano,Trento,Treviso,Gorizia,L'Aquila,Teramo,Pescara,Chieti,Isernia,Lecce,Potenza,Matera,Sassari,Nuoro,Cagliari,Oristano,Cosenza,Massa,Benevento,Caserta,Lucca,Vicenza,Belluno,Crotone,Salerno,Prato,Napoli,Avellino,Verona,Reggio di Calabria,Padova,Campobasso,Vibo Valentia,Arezzo,Catanzaro,Pistoia,Firenze,Monza,Livorno,Venezia,Rovigo,Pisa,Catania,Trieste,Foggia,Caltanissetta,Bari,Siena,Udine,Taranto,Siracusa,Enna,Trapani,Agrigento,Grosseto,Brindisi,Ragusa,Perugia,Terni,Fermo,Messina,Palermo,Barletta,Forlì,Pordenone,Rimini,Parma,Macerata,Modena,Latina,Ferrara,Bologna,Pesaro,Ancona,Piacenza,Ascoli Piceno,Reggio nell'Emilia,Rieti,Roma,Ravenna,Frosinone,Novara,Alessandria,Viterbo,Asti,Biella,Cusio,Torino,Cuneo,Vercelli,Savona,Genova,Imperia
La Spezia,0.0,188145.2602217179,123853.62558600241,247434.7154324678,29929.614550677186,571101.2089092811,495360.64643497893,936977.8536776871,113494.13615927243,52152.55174786593,203546.3183999616,146853.1016716694,57631.5110681887,59278.72762948043,213607.49509521108,20150.74145173255,9752.751537798074,28931.03567290984,10592.641828401313,36324.8107476051,3450.575604746576,14781.789092246348,12142.847347376415,2356.804900884557,8368.612248895019,4237.388452296958,7554.105934284408,2133.3660839980266,5114.495478053571,156758.63524113988,7637.585071335597,19370.71249136316,134228.1826656538,389721.2132642097,26771.48100689629,2051.5480843170203,31304.049473079027,28777.60142565923,54666.019102246624,14669.671249387022,206423.59671606508,2882.8912282765546,259215.44744621278,4831.275067155452,3365.8951146963027,82916.6731106418,3475.049123208956,57103.169474217626,240078.69472740332,250656.2789122944,152593.41957852055,101340.56781768994,53706.88203995506,104009.89411709078,7506.514119408549,12860.262272526836,6036.398216443147,3624.3062661935355,25467.310649623112,35704.17729400702,92990.67880412919,53792.6696519379,4586.382828322253,871.1084061553549,3591.6657684856937,2701.318822757493,10069.70884320488,6653.468595898834,3284.8168638285856,91589.89238440062,39539.583607579654,16441.396384771037,5758.379699417617,6809.144447638964,6012.024061135717,94231.11663433204,83801.5867970792,38141.957465264844,201480.75438975767,31303.511025538497,321078.5720060143,31731.046377928735,61329.509015036885,372433.89483753924,80086.34120630725,72497.90584731544,154422.20699044663,17618.36668487762,366912.8404485377,4641.6014231819945,68916.8979757233,73572.97781701045,24860.22409277253,93160.5252558497,111433.98098740287,9197.385001614019,55044.0739726865,11774.630220050896,42094.050711542266,491154.1064950376,112067.98009555401,40733.772696439715,30982.92073132489,193081.82518614578,11840.616355371576
Varese,188145.2602217179,0.0,5510484.34971993,5023324.795481639,348491.81432398444,8624524.917260604,5974200.102311357,6159021.928585464,907969.3022805395,423317.5030334876,888458.4909200713,550533.6369386896,366880.99630310567,362232.80348175997,945963.1476051456,89610.42696709781,29384.23012783169,89183.1101213776,34066.16890641795,116471.86200154501,11243.592209923097,56026.459322429495,43058.12963133153,8566.817270774383,26403.239881775076,13402.089713338373,25781.704848809437,7108.67960487765,18710.872863538498,84504.26968947671,25841.003187163544,64315.107120142166,147362.85886651918,1749657.1672023193,135728.69397422826,7663.130032932025,106876.05692978467,49299.82684647127,182102.3407270321,49886.372933177074,945336.0637761333,10636.39088816243,1063583.5950029008,16123.91775208189,12393.57537575235,191798.73803175267,12872.52948526742,87686.65569313847,445118.48208189296,4476119.309765697,183039.3267556607,414220.9054126313,188732.2272221485,113954.87385001217,27801.596358732164,54333.80921891917,21022.19823938873,13268.954607879466,93186.16401878145,71582.60619911274,428475.3477075342,199237.3427514217,17170.415470907887,3191.068139320466,12769.639530426677,9889.3782595081,21799.957928690987,25081.594611220746,12257.482523952698,238015.6435617908,109365.23523787278,51045.53926481619,21182.50171605497,24326.023765453323,21561.439504442475,247609.6782014861,390352.11938141217,108253.68006372379,490414.76990759093,94868.07335780888,741809.0244561821,96074.73956093179,188108.63909024352,887056.1557503615,235799.71980194087,225082.08108653614,685635.5936921277,53651.85113999533,815692.5413312643,13255.697215535256,196718.91257940538,210715.6096014174,76698.18901673345,1709937.3279521184,660122.4696316257,24129.36172185298,348957.16192960634,175158.57472880586,637273.5411691742,3725001.27125761,506307.23580222984,518394.1336692445,91856.01376035344,447317.93996651383,35532.94018956264
Como,123853.62558600241,5510484.34971993,0.0,5787235.43809003,273114.3104777774,6766724.455533038,5389761.243974311,4726376.964189196,618956.4112947854,322802.6563942028,646838.9416134314,391430.4732229592,254735.0034537927,257890.39170333254,648744.3946773527,60022.48213416239,19144.397082203184,58250.11981452678,22207.860271596466,75870.3061088218,7288.894681595637,36116.95323981946,27799.10116733516,5530.698712753475,16710.489869157936,8514.174101663948,16355.088426811088,4501.143004266077,12032.086698309082,55917.10210065677,16715.06992766745,41583.9572199514,97437.85436564563,1224275.4087955127,92968.46994998511,4926.1655927075935,68996.03202623596,32796.661253334525,117605.7686641771,32237.698165711787,676165.627265423,6819.224569689941,734871.6814244094,10451.418929171112,7957.482653337838,126593.37406206178,8270.825591059713,58374.69000538841,295376.93665285787,4254109.709705855,119757.95028769855,283070.24478031317,129799.27385049721,74962.19024208843,17796.412179316343,36336.84435220518,13617.12210175403,8485.337865416914,60241.731149295345,47039.021298624306,288334.72061652585,128526.08975542952,10984.753568723116,2041.3871257172893,8156.432565184859,6318.779040496323,14181.030576020648,16181.738295054978,7836.436296348892,156262.62176943742,71354.15343385197,33490.07569778525,13582.149246748491,15560.73088840203,13953.060037191879,166039.6928796654,265261.1974785928,72132.24902467804,341490.6746168998,62363.59263657352,509247.7729837905,62155.89146450385,128931.23037136528,602687.9630263489,156467.0921917681,148439.24226873528,488922.24979020836,35106.76869509219,562859.5146985336,8637.514057506567,127538.5592598955,141759.61224016975,49707.91267185338,880956.27429226,400436.8242044517,15702.326190515856,203731.20825250595,86442.03050983968,571174.0403235633,2095741.0724308428,302602.53143177734,276956.07448889926,56932.4952830914,284329.629582908,21921.200801212563
Lecco,247434.7154324678,5023324.795481639,5787235.43809003,0.0,777722.5674057135,11411830.327141026,18122435.74845095,11978230.305612553,1118750.6648738077,676844.9137872849,1435861.2725957786,882441.2977475757,578994.5663093652,605536.4575847394,1427678.773942184,128252.10767879224,39025.80525498979,119195.70651880479,45386.291992169514,154891.95083815677,14795.395923959582,73103.49882033169,56266.41938092384,11202.032049565863,32819.283486359534,16810.65407892731,32304.958413953565,8861.448285471723,24250.087770774062,113060.67141879257,33868.87883625274,84167.17442687447,198254.96969524372,2761157.9002454015,205475.9089654725,9930.363586511421,139482.88965672674,67660.8803157753,237704.70675971147,65249.96042683348,1561526.4647238976,13693.4000985504,1625878.8554620915,21226.00713837072,16008.871555370577,260516.14856829596,16657.575137094496,120262.8497132067,608688.6173044106,7790288.446088009,240932.59877401433,618134.0657855428,283614.4949705141,151636.03647753384,35667.32422898947,77349.427616615,27664.793544026787,16978.078986563374,122252.49579955055,95982.34084453636,620552.4151998175,260201.6822366976,22005.895403176182,4086.5693022685646,16280.117148665226,12628.939767758407,28617.079567151533,32782.1751327158,15683.390854681435,320388.98197818245,145387.4815249869,68931.74401732931,27275.452788361417,31123.81128904362,28336.641011015767,349194.02176252054,578307.6214955917,150927.04074313323,730377.5628830496,128590.96589893049,1089595.40820846,125579.24978833762,279041.8118463707,1280868.5102129083,326101.8647286695,307509.4256642141,1019084.7206284814,71979.9460700243,1203270.3085136055,17585.447871763492,257979.91911808265,300008.5934465711,100711.50259470762,1260495.9027657579,698637.324573512,31846.236455588485,351427.21739567025,133593.41134779464,2313910.8966489956,3578492.6563881775,548625.5893525567,428946.11725419026,105495.42192799509,536000.5259485401,41033.83381489267
Sondrio,29929.614550677186,348491.81432398444,273114.3104777774,777722.5674057135,0.0,781809.4715815133,1287125.1309045565,1641879.1306026268,98303.48847546958,58187.144427291474,164076.04080226953,124556.09126381381,113691.41895056826,119066.7746689695,232440.30984632767,20320.14071839061,5434.089302157233,16732.87700797365,6393.083957193995,21775.707956108206,2065.8488593749175,10351.632846612176,7900.221951992724,1579.563144630266,4312.185052820584,2231.2970210563262,4324.641028282059,1176.0204387417386,3393.2095594988227,14059.069089364637,4736.832220790253,11724.14139997894,25418.779391951637,450833.2694089586,35230.75224931353,1393.5714375126572,19455.404859330894,8998.38227710729,33048.42755200088,9114.918745813442,244888.882581077,1905.644172125711,257479.26075849077,2974.733890861783,2234.7023335829367,35640.84842353969,2331.4899656966095,15828.836104601482,81529.89493215822,432101.68718534196,30755.931936922465,97673.80521438338,42668.815487946384,19374.864474779075,4948.812550432163,12053.215454713678,3899.6696966698655,2345.460742952336,17309.744996641475,12848.224291761431,100131.73014339282,36749.30437135101,3054.8535621832825,565.0852118413014,2231.5573669206697,1741.1109399046252,3804.5467539387328,4645.905468218151,2172.4335335483574,44211.4595671791,20038.580330792338,9762.93524001199,3794.854149722115,4284.604884093085,4006.782774968662,49264.951821059534,95027.65256850689,21486.003405750675,90784.99588234615,18197.451795177825,146626.0182525893,17261.694739621442,40470.948381771006,176965.59299450234,46517.51896245137,43908.29246975665,105738.27803372085,10117.189365101382,156577.25782899652,2429.5659449109603,35303.39175888741,43044.6191031367,13933.014930763235,105947.3431095008,69715.04208413693,4337.461435960472,36342.030077612115,13116.539755137288,248013.10878042225,382769.10030064307,62533.888065816594,39450.39157839831,11814.420799654723,59352.2675249301,4813.368938385664
Milano,571101.2089092811,8624524.917260604,6766724.455533038,11411830.327141026,781809.4715815133,0.0,20909239.181960672,20235645.48935966,5094735.148209061,2570870.6036991808,3353448.4461763734,1692619.6712962103,889363.1657249873,933326.4360389783,2475016.946954154,224724.52556792082,75814.97457455882,230018.99542931092,87134.09938977042,297788.35746389296,28534.589434756537,138075.4840654703,107436.34910241436,21288.89885205662,66323.37165430267,33688.13826783872,63971.00890520535,17697.58687996196,46290.11490468719,252271.68030159973,65069.09712377275,162353.15063581074,426103.97550052777,4776455.723783193,342763.90816799895,18887.313538911723,268259.53766100743,139797.68684020228,458977.46398792666,125406.42848879345,2744591.874506758,26214.827658102833,2880597.467730145,40767.832697078666,30590.53394597469,520260.2409675194,31758.557748546562,251410.37714404857,1246722.093475149,31392850.122677837,518008.13779638393,1095738.1603582718,523477.623640933,326536.03900584794,68397.77004861156,137350.18417423763,52767.28214105843,32685.376610164414,231607.13079710695,195796.47820818267,1074169.4262947172,493230.5904895372,42147.866431022856,7861.752297171259,31584.993165350068,24346.618110630043,58450.9196125612,61914.46149650955,30090.797191597314,631972.8210342035,285888.4476648613,132246.6012590845,52237.7726173135,60179.6015728411,53817.438206451865,680467.1451678344,992189.2567526866,290778.14348661446,1620043.5306034565,247264.7402833752,2228714.0155405067,245959.3489507722,531614.1205287717,2554014.457431748,625692.7920310156,587231.4106103636,2890838.934780157,138919.40048847714,2545661.0556792333,34456.774185202165,508721.95365509967,575800.0740067338,196157.23773729938,3979843.5682556056,2066549.259100695,63318.52930792157,926161.5084942068,303618.6303991136,1432051.0351003043,8432102.402735192,1264838.9188832839,1235569.7526906906,260885.64554751452,1380709.7196344126,94058.43943711945
Bergamo,495360.64643497893,5974200.102311357,5389761.243974311,18122435.74845095,1287125.1309045565,20909239.181960672,0.0,34040570.1110595,2226463.6914242776,1671716.479098752,3554282.9693861897,1996885.2009085289,1100260.044499211,1229213.105883811,2843058.2250733743,244882.5697861417,74062.27127118605,226607.10374904214,85873.33295552268,292851.38334861345,27794.078769799413,135173.7049769338,104684.15712329323,20805.632949966828,60424.842265707826,31035.793826941757,59314.36611658028,16270.552698548498,44847.23930434953,227263.734093631,63328.56668328853,157489.63754463007,395512.5214817345,5753062.626034422,399771.21746356756,18332.427314110046,260128.78072676316,135256.89685294803,444161.24038401904,121844.51675945896,3475240.3734072642,25239.109140678513,3326151.375639139,39811.17162716375,29550.56868237498,509250.43857569434,30755.216723217956,241353.82943553507,1208962.1401302533,13321857.483325798,472496.9455133914,1234840.3823930225,584328.1736356642,300062.6882452162,65631.78263949353,148190.22763217846,51708.61174142677,31239.147672633047,227265.36930640286,187327.77531472605,1188149.4432740286,482262.91066159145,40442.28150001901,7521.234713503727,29982.579434850544,23219.921037393167,54974.577651883126,60688.751014820875,28812.621048315938,618507.2469400123,277593.9041656604,131741.3831300741,50288.55788277257,57374.8370848401,52806.66864428312,696876.8898192212,1123736.242044074,296638.4036158111,1617674.657042256,246749.24388492177,2308175.9753910108,236363.83048240643,577341.2706723792,2639346.204938093,635348.3460894251,591851.5578445242,2363995.1498128166,137250.27094013436,2594991.1475325194,33471.833123773,488167.8324215026,599415.8445596574,189730.74052219553,1978519.9238618151,1267728.0289882205,60760.72213377749,614974.5001396907,206478.4760512048,2759614.685302681,6021016.41749972,971006.0503846313,699584.2847037443,195704.35065764096,1028195.5816386301,75100.03074652179
Brescia,936977.8536776871,6159021.928585464,4726376.964189196,11978230.305612553,1641879.1306026268,20235645.48935966,34040570.1110595,0.0,2908818.6281067296,2087564.5459180898,8828434.665650532,5952314.272518982,2184033.9023270234,2801271.7960536117,6239817.467587215,487972.03160280385,140315.64929832704,432115.32494733424,162581.80363951,553320.172015679,51793.46894077533,246505.382068468,192312.85734539496,38168.96220292815,106293.91962758466,55067.7183462736,104751.84895253708,28630.82302257342,81472.76487185918,443366.1198807992,117151.51005280396,291245.5180865166,780750.6637836145,14190308.681480201,836947.2867291805,33241.58461912792,478625.3380914005,275153.6378202321,818863.3794409498,224799.06504822144,10503627.990030542,45513.84067321449,7757874.057488282,74091.04928794953,53474.15574663487,1009756.9407304935,55727.58891001225,491115.78807164857,2440486.6810448105,10347363.21384794,902858.795418405,2714099.367900751,1364244.1638968464,582524.7654947425,117914.8007433536,296312.41462071135,95871.92682666128,56029.95661681271,418156.7961212372,365899.09357213933,2388448.983061079,882131.6002016219,72526.33941112751,13500.540752094937,53699.11263470363,41568.03097983973,104042.31943035219,110923.06940616433,51601.659360373145,1203460.702836185,529228.1359633812,254538.92157337652,90722.9536711231,103081.69900219092,97519.90343498353,1463839.2411017853,2336606.5975133223,606343.0324261495,3806655.5898314514,480136.7964781998,5373497.152319672,439101.920488179,1338341.6138161675,5876396.386663033,1277225.9798370306,1162415.856409834,4297468.224890265,263254.8791505953,6094915.412810867,63530.67261192161,913366.0305319662,1273007.2345017118,353966.06158425123,2362587.2433441454,1831241.7764192726,115055.29864027172,890942.0395447814,268389.0723662406,2295078.626912158,8646961.104982018,1511429.7129413683,899476.0673992491,315810.7976718395,1701832.6011036977,123289.66324199946
Pavia,113494.13615927243,907969.3022805395,618956.4112947854,1118750.6648738077,98303.48847546958,5094735.148209061,2226463.6914242776,2908818.6281067296,0.0,409865.2732752104,604146.5426123374,280679.84622473177,131563.91556328797,137972.20022716862,391679.2299818077,35777.43982084276,12909.043758784712,38992.89900471372,14706.46733264062,50303.641532479676,4824.819300754069,22944.44079929256,18006.36234027503,3555.5373435615957,11521.012253382369,5823.138262835194,10947.000664066503,3046.15036022369,7745.7269661974415,48488.383493338304,10962.78693459929,27432.189399829072,79094.96786979526,752352.1919436463,53027.048792880676,3151.570098786212,45202.61705405187,25086.728170322054,77580.86849499392,21127.76352982703,431910.70449714875,4391.104151737794,461471.9624783895,6871.606403456372,5119.778677913054,90754.52237837201,5307.762195148535,45562.71909986572,222091.2749507048,1654618.4900053882,96040.33878852299,175839.93494544612,86124.33146521254,60685.112321606226,11464.52917276752,22052.592572267564,8846.306568699889,5492.475471690577,38609.53883089547,34721.69690580205,169781.42409949642,82198.217809042,7056.520103084213,1320.5882378379267,5336.16554041473,4094.1367732059525,10352.366055868066,10290.980201155688,5043.11264145907,109076.32668907527,49153.59980560752,22343.894173181186,8753.119135575533,10147.093553297358,8990.991581681952,116606.80746156779,156059.6250989415,49396.96648472352,302816.8938990531,41865.1771387833,394392.6799554871,42054.87665749957,89402.12458351067,444700.0063979284,105925.85696017505,98976.64774960936,644912.9725598189,23562.18144739835,461245.4036670292,5905.911103501821,87502.20624175807,97567.60109370547,33414.61280231144,565523.1928368608,491103.91408819176,10973.873986046707,185005.80040196024,46021.69303141166,162086.0152812384,1486555.8099046214,235027.87772628502,209514.3414988451,53776.926435997986,305743.8811808238,17923.034371598555
Lodi,52152.55174786593,423317.5030334876,322802.6563942028,676844.9137872849,58187.144427291474,2570870.6036991808,1671716.479098752,2087564.5459180898,409865.2732752104,0.0,433249.0618898087,168113.18126747705,72629.63811579063,79402.67517003867,213068.91684691355,18694.972953320354,6320.462561780839,19206.980670497192,7234.81816372241,24707.324920267663,2350.687049285347,11171.626137879764,8752.916494000965,1731.011221396875,5331.204320218081,2718.225957141442,5128.934781134425,1418.4253182366645,3745.9291802282373,23049.958215889972,5331.607781847872,13314.75936637416,38249.55494895122,425788.4653185105,28779.361308702264,1525.4134584515184,21916.179485582903,12495.390240072611,37582.00755741298,10260.25069033744,258047.07400774455,2113.281034262674,254757.71428782528,3352.026303709438,2470.210453671493,45004.92258606565,2565.2518450040025,22635.149724867588,110364.89705189802,1025529.8849048156,45396.62384755448,94996.63334058791,47085.957700783256,28988.03985080751,5503.280896023581,11477.226543438856,4321.10640391082,2629.438088458215,18850.209676521463,16948.059823212025,89459.65314564423,40011.02638814415,3386.4243552697885,632.6630768531509,2543.2253996827085,1956.9041655176738,4960.100354664785,5016.021184553408,2416.615476024674,53796.73108458317,24019.165518875816,11103.330620818952,4212.553984166323,4851.418341580501,4392.1667917088735,60038.286197942725,83570.37513606765,25184.11624766818,170419.4089771059,20856.238554037278,213182.66149204844,20316.86827439568,48438.829413419044,234741.15308565795,53649.29641659586,49663.587441668205,419550.4507292437,11638.805406216745,252276.82676264676,2883.7447469291233,42297.451702499435,50718.628503750566,16217.410615564135,196548.37953854186,148997.95620957672,5318.83838317575,64595.47727545575,18207.791755072867,98712.70614791696,572152.0452764462,94125.22913232697,70948.65741382267,20786.385413199336,116967.31875823114,7406.0820823576405
Cremona,203546.3183999616,888458.4909200713,646838.9416134314,1435861.2725957786,164076.04080226953,3353448.4461763734,3554282.9693861897,8828434.665650532,604146.5426123374,433249.0618898087,0.0,938533.4910435526,253395.90676424713,293442.04295591475,830775.3795731822,68480.78369806042,22946.564348571956,70065.59930941813,26146.19315458906,89138.22144497916,8364.222435702137,38678.28211609332,30603.70025925181,6037.421709721805,17932.641608681628,9226.587246743398,17289.36268089583,4766.558394777962,12945.34053149695,93479.01186665463,18805.14276306613,46992.985933785734,154115.33390632088,1773159.9881999092,106682.46416867484,5257.775045694149,76879.87049424635,51200.68657171922,132237.10078031305,36090.151739111694,1197611.5399889105,7251.019794398814,1050414.8933896609,11897.578231325104,8503.664823184943,174298.9859791906,8839.303126836126,93668.80912276395,444444.64476694923,1527135.7342591945,173627.36005442875,376379.5526797296,202166.29480689546,113798.91252731961,18814.5995019146,42383.84060281231,15249.694338378971,8979.191210070014,65897.76975501009,65133.18468986525,328221.4382553987,139054.0869615113,11553.042517875172,2162.0151959891314,8682.12706569699,6670.625647559976,18304.4920667811,17405.808747529998,8235.20106323448,202464.0546449682,88186.85885847935,40986.92335699242,14461.217875864108,16608.80848229966,15421.084610390177,244819.832118955,312661.7838754561,98898.67090207255,1100126.6916062837,77639.57016784188,1053951.4443547511,72349.67412087094,214169.97000743457,1049133.3125802716,206505.7170677103,186141.50773815127,1634667.8183007697,42726.79593686751,1366941.5440009213,10521.18749463241,152136.5141426523,206830.6794737333,57934.66013505999,395539.257609715,357349.23054474546,19451.33889342602,163472.2613541717,43256.51332574571,243255.13248792817,1485724.4259160713,269944.686483854,155041.346786707,61740.02055290128,358948.6199418703,22801.94113803729
Mantova,146853.1016716694,550533.6369386896,391430.4732229592,882441.2977475757,124556.09126381381,1692619.6712962103,1996885.2009085289,5952314.272518982,280679.84622473177,168113.18126747705,938533.4910435526,0.0,262017.13576883607,330764.7212670398,1051026.4879560524,74407.4153982613,21983.754393346982,68171.30606857565,25259.445993758964,85756.25191002754,7864.478447606281,35787.564680846204,28402.294821501335,5610.227385318679,15062.30826500234,7883.201289856463,14837.759976995729,4045.4801424459356,11833.616056137107,74129.73563221931,17547.449145008137,43699.2090992222,135237.47449650528,2707429.778193701,122469.4550585905,4805.694569516951,71140.29178258483,50812.3493509432,122344.28783015731,33540.06618044625,2493081.7592785363,6550.366156703402,1525845.2339435099,11200.467934949049,7727.237076759022,174743.4979989105,8058.645188380922,90773.6105658602,442569.41414966417,805727.8429134226,147451.09297377733,485891.73714317795,311276.8569881088,97825.2345693349,16894.36271965292,46287.0712932246,14349.373022482174,8023.362224289502,61614.51263020508,61970.64786978299,361099.4699780905,128903.98802031059,10358.058839297273,1934.7819128334904,7700.663360048717,5940.202078718649,16623.753039904364,16155.651818790944,7361.91542641664,199448.67443673318,84381.22342330054,40911.59652833335,13067.285444330842,14827.167268233272,14470.458142024436,282524.2225693795,360973.26518187864,108916.1841463831,785806.9561701855,78273.83742554527,1427954.49478702,66885.21226318678,327986.91178582434,1353515.2768544834,220941.9303292314,191656.35993247954,452136.1663081341,41952.68792288347,1545020.5469343406,10032.516354885043,141217.60946383432,247963.79053224408,54137.27053018545,230383.14369655566,204621.4506675751,18224.752083132218,101213.19156151183,27899.81936490015,163452.79238236495,978861.6965194009,185553.02643277455,92490.57105926234,40074.760534037945,219144.15992897,16088.674574329385
Bolzano,57631.5110681887,366880.99630310567,254735.0034537927,578994.5663093652,113691.41895056826,889363.1657249873,1100260.044499211,2184033.9023270234,131563.91556328797,72629.63811579063,253395.90676424713,262017.13576883607,0.0,554067.6043438719,950546.4566572513,78139.61622778806,13861.185730934061,43572.13223769804,16752.31466490848,56763.82602265504,5275.48868365178,26945.253332449854,20285.107369882437,4090.283569433649,9535.28413908698,5041.632160384283,9891.561249478387,2644.7332650544517,8590.305647169198,28279.969063330525,12102.328939447978,29686.946758335773,54137.20790376406,1522492.0612938898,201748.00832949867,3544.8757141698375,49287.10846462167,20554.369434987104,83221.86350875287,23197.900727014516,590007.853964576,4747.493953565444,874543.1578811905,7655.839208327759,5615.014340150666,87355.14412600252,5895.672675491846,35336.46262437779,189628.3113970876,444112.1556176298,65324.659952306516,354368.4380988812,124355.63200894288,41125.12962903326,12224.4478112692,43435.0850121061,10150.777743640336,5738.193120630542,45315.33457403494,30021.077986808603,417822.84835467144,95317.73453507984,7543.63728467302,1385.791850644616,5373.653812356928,4237.596442495949,8769.5937339574,12134.338741696338,5336.9072798398365,110740.19148095514,49985.63315274261,26045.495655697272,9452.047632501488,10423.547104723519,10480.514737826079,128480.89307553835,430220.46822793834,57903.64580894327,169485.33135772732,48484.74481841189,324221.0446864976,42546.25699340182,107400.4446390862,425913.69097599544,126450.49457734237,119809.01042738829,156910.25833699148,26454.329469151453,320792.16963655,6089.213391515989,86362.19975138013,116952.29154898824,34874.09397881999,135192.56405426617,105288.17048277141,10526.232135263053,56405.73406061582,18190.207354394828,119812.67628256255,601916.2873396832,108606.33347667207,54042.58342549191,20414.467344021417,101322.588377542,8820.774563509163
Trento,59278.72762948043,362232.80348175997,257890.39170333254,605536.4575847394,119066.7746689695,933326.4360389783,1229213.105883811,2801271.7960536117,137972.20022716862,79402.67517003867,293442.04295591475,330764.7212670398,554067.6043438719,0.0,948169.0181426414,63322.02905559313,12737.065753824942,39932.995431797266,15188.933685959937,51479.077816375735,4760.022360083712,23473.818669877222,17960.768631288804,3599.2828851668955,8750.642475436583,4610.489576367753,8941.086232262312,2404.796513215039,7566.11070799483,29143.60104037475,10829.052526740581,26677.22277046598,55169.714646566135,2069008.589282505,155897.7274942701,3107.0264891668257,44031.015229923265,20925.475598614576,74744.85640149022,20737.06252518943,857594.528348103,4183.155152946013,1008368.120837068,6870.903259206389,4943.754147184372,85219.14344479321,5180.318809309984,36213.2353693573,190952.58677763733,468539.46733215067,65251.56561258925,358362.7518057326,139718.71218925278,41515.95615181264,10776.895836784293,36568.465612270425,9018.472839389322,5076.678850401627,39778.999717357394,29421.264514448023,331047.0059115376,83507.55965608684,6637.452614948599,1225.4681084014717,4789.352674263474,3752.081367111337,8419.732997695539,10580.07002728437,4702.504529847664,105322.774431616,46693.9396001423,23951.719570117464,8333.444190066726,9269.10362771709,9244.606505535237,129627.87850705364,357587.03724382515,56328.85297708426,191570.59198177015,44958.08162357395,361438.5056260702,38942.16764746187,119009.56433071429,458041.32220928406,120501.53916716146,111126.90828867523,173133.26622735496,24351.601264606234,360429.8222378891,5651.236522064295,79904.14192602393,118142.63315928586,31819.55396746362,134583.8436905927,105602.22101623696,9888.447747704837,55280.101904142924,17395.81504949516,126496.3704892374,574759.9992957839,103703.03730918949,53285.42605545953,20144.711437733946,102281.3787475616,8503.40949604619
Treviso,213607.49509521108,945963.1476051456,648744.3946773527,1427678.773942184,232440.30984632767,2475016.946954154,2843058.2250733743,6239817.467587215,391679.2299818077,213068.91684691355,830775.3795731822,1051026.4879560524,950546.4566572513,948169.0181426414,0.0,426827.94293052674,58450.43754941588,187832.47531946882,70901.49454126581,238668.29646934374,21304.407021785104,101622.8794768839,78576.82514897903,15751.520963260926,33989.03848834144,18232.93497980037,35322.66895340455,9403.598660945774,32257.340970702822,109238.0712954867,47880.106359433725,117389.9895929686,219047.0913348535,9493983.584919864,978071.5986624575,13216.418963904127,192138.91377787094,90011.31440603208,326384.5523204207,91101.66217756114,2321689.669279106,17511.675981975663,8974782.711559277,30808.80344262327,20877.714778719394,394815.3945946364,21970.130064248315,151594.77319028313,838336.7079831238,1196622.5747510884,257528.82026954027,6082308.41841995,878893.6090493266,164091.98416754583,44711.75598623951,250756.89483420626,40374.16938439785,20946.46763291755,175766.16472485967,128383.82095090859,2362381.1790297204,363465.10256490804,27445.241255262805,5066.437776990298,19623.712584623656,15409.653858350934,35643.42808530778,46064.92210983607,19373.55404794656,491667.5762940573,212426.90355188315,117310.2798522647,34909.83091545564,38290.839114817165,41144.904125733985,674961.3999962121,3649795.7169884467,302187.9721583972,637605.654719105,222539.4846462241,1442510.7189210828,170051.6057092111,625501.7765650001,2094744.9687708705,640491.5651881602,571503.0985537237,502413.93908463296,115966.3707212975,1314199.5186531257,25665.353440233135,350422.31865994056,663578.3964321883,141055.9210316992,377871.8348430612,321907.11340635346,43687.08505797637,170717.4729040464,50296.690098512925,276346.1105915952,1773530.7137646857,340376.80694141285,154358.0841268877,66633.85209084286,336254.4906271051,29120.607432634544
Gorizia,20150.74145173255,89610.42696709781,60022.48213416239,128252.10767879224,20320.14071839061,224724.52556792082,244882.5697861417,487972.03160280385,35777.43982084276,18694.972953320354,68480.78369806042,74407.4153982613,78139.61622778806,63322.02905559313,426827.94293052674,0.0,7359.281554930775,24127.506032040033,9384.015603517519,31436.61537477071,2787.2992707368485,14193.490165479005,10635.7293290532,2166.3480251573787,3962.1975059912875,2158.1108789984237,4270.8171953691,1118.401398592503,4332.831475350044,10259.26031843141,6355.500968027802,15358.252138081485,20953.54699707628,421446.978203266,61112.70816020404,1791.9697020003757,25375.253464745034,8567.637516781653,42543.34457186964,12069.160265669561,146205.4641295272,2316.455806049109,326936.30573784944,4095.89216388109,2785.474361757964,41829.93418394113,2954.779679010914,14259.31683635149,81767.9795143957,107836.66772517598,25645.26283165495,188447.76762900167,50668.71692742009,15999.786403743376,5867.25828661754,114567.56398568428,5513.351879931844,2717.056650364058,24525.751148362204,13404.23192328032,841681.9527334161,50307.95462232989,3606.84131512097,658.7936434936644,2494.6412080337236,1988.8264522788893,3896.594834666663,6453.838938280403,2531.456272208699,56169.52023831558,25406.848693214506,15181.400716135307,4614.355712423676,4918.272127535333,5703.132720338212,63224.70682525704,293631.0735142833,32057.16233972971,52453.44374033588,28072.771222303447,114750.5520812888,21121.16964176793,43489.20246685148,171050.15558445378,73744.11630608237,72948.37509921062,43561.14306559397,14771.18652310111,106380.61890554935,3125.3929979990658,42417.218376767676,60138.014576802976,17803.989900129818,36106.81542982958,30986.340960406418,5096.064614187687,16877.39352725532,5002.890418998083,24461.266871397114,179987.5440843549,35172.79110269685,14965.104783679837,6626.285964123376,32450.1680036664,3008.011833812968
L'Aquila,9752.751537798074,29384.23012783169,19144.397082203184,39025.80525498979,5434.089302157233,75814.97457455882,74062.27127118605,140315.64929832704,12909.043758784712,6320.462561780839,22946.564348571956,21983.754393346982,13861.185730934061,12737.065753824942,58450.43754941588,7359.281554930775,0.0,96965.35887786669,25006.281553124853,93069.81020088369,5809.301962922281,10492.547750129024,11054.601167301415,1968.1256446556913,2973.0472547325326,1766.9606651608042,3314.2884360336097,844.7480870348011,3742.316767423438,5126.400060031134,9064.770935475464,24144.15513008342,11523.770573856922,85658.26512695187,7349.28428384892,1419.6102148125701,32242.550868240192,4809.128954152121,62080.966172906374,16181.005879332217,36849.50015315263,1887.3353286087347,62869.00601371079,6920.487724800095,2316.3123875697343,34347.859735042766,2414.3305068590125,7690.980619667568,49645.69806263436,35154.13468085236,15685.936315448607,28633.94350208944,12446.936501258717,9237.575973755156,4651.238433010731,5009.3708750992155,6600.682320589892,2198.8681351996925,21409.55144687406,10750.625213952731,31353.639212856335,41481.64557730731,2755.7393692843684,534.8373855979662,2118.890342024143,1591.6556500275249,3831.531520248272,4870.259930298484,1940.7402349778224,73504.77199803384,68964.96534541377,23425.441303398366,3800.9078739596193,4250.526945235639,5594.168843736622,28638.459245677703,25305.587972979705,16720.45874472429,19143.97628721236,36540.28549661324,42356.124292453685,46445.12835450424,13016.699700047517,66243.07182840182,45136.45635274677,62540.41254791751,15519.478202718861,41100.95503695816,39417.86078261058,13033.078861229818,99818.33866955986,22894.314732986353,50321.77416490643,12886.726672190818,12328.751584195998,9144.65624303951,6856.824763776348,1823.6904706046364,7048.125186140248,72399.28333583921,15876.889496620819,5544.401337094535,3023.7201007848944,14381.01859125319,1490.4921188873955
Teramo,28931.03567290984,89183.1101213776,58250.11981452678,119195.70651880479,16732.87700797365,230018.99542931092,226607.10374904214,432115.32494733424,38992.89900471372,19206.980670497192,70065.59930941813,68171.30606857565,43572.13223769804,39932.995431797266,187832.47531946882,24127.506032040033,96965.35887786669,0.0,108662.06118557083,345182.2109076774,14994.606475341545,31741.36232211109,32196.18452732387,5875.892994700397,8221.00209067966,4822.937934911588,9165.836469500071,2339.0698133426486,10828.285006272454,15229.137254944475,25162.432999099266,63710.17681725771,34135.36362752214,270978.9046574921,23475.388463083473,4162.696945828213,88783.85550705023,14486.030269929946,163667.78434933443,44744.809242528776,115076.6379304881,5407.331312782724,200644.49737536086,19465.04429295149,6673.46968504512,103895.797521693,7015.096731246942,23106.019608769493,149340.965056888,106912.91771685793,45632.927262513025,92511.81511046558,39665.17724475033,27139.115497800813,13282.806942499794,16598.878242829232,19910.54656072801,6218.75474317626,65388.1637477023,31160.234839067038,101947.57948494708,124553.80854856543,7905.755734926396,1514.3819351768714,5885.249830416703,4493.973890548242,10424.12868408433,14800.718108646748,5546.149061938755,218994.33668232086,156016.0512032223,117871.79843284492,10872.81650560831,11848.872319743983,17089.636841938827,91817.51149687362,81677.04914729054,55771.460268098504,58414.489241525625,155770.85157888968,130655.81386538995,99996.83832968012,41202.06286772807,206417.84739651103,156830.59618612545,245625.13906729687,47082.20954438358,296030.5949617778,120794.40682206277,23282.252582729463,206775.56210722326,74267.363879148,102009.03648837109,38870.82258024628,36883.97171440783,21807.81579825608,20452.022297688345,5485.477380392653,21605.159603547618,215912.82210825826,46835.38556249485,16669.36991234452,8931.320777858531,42687.1900461823,4358.201556140648
Pescara,10592.641828401313,34066.16890641795,22207.860271596466,45386.291992169514,6393.083957193995,87134.09938977042,85873.33295552268,162581.80363951,14706.46733264062,7234.81816372241,26146.19315458906,25259.445993758964,16752.31466490848,15188.933685959937,70901.49454126581,9384.015603517519,25006.281553124853,108662.06118557083,0.0,556475.2177773629,8085.007823209091,14690.968371636864,15684.288344256032,2830.530996406682,3208.2892765104857,1897.2104524237393,3683.981676714566,927.6358528405062,4940.856334530442,5524.451183233526,12879.786030186146,31364.327424345112,12195.911216754033,101495.90908594901,8989.61917461266,1888.5886774413254,42872.74177193937,5067.568744488865,77925.67404272036,22207.214971803707,42981.99675023646,2390.8164932348177,74806.81061698883,10962.034084840361,2993.4904279052007,33928.70640543857,3169.681018829485,8155.823162128548,51629.5956144648,40552.41405874763,16331.716711445782,34638.43898892063,14566.967036685419,9704.174254520161,5794.967877659781,6435.756970584956,10656.760141618719,2684.4415249678877,31914.02521660352,10541.409788299445,39468.613248020025,58779.979090975416,3438.156245129776,655.7562058975307,2492.8490433300976,1926.9416625001493,3584.7522806747475,6917.548200993638,2398.5137287170814,65044.80816588209,43825.387334765524,31236.032517093674,4810.913455612757,5088.280628295348,8642.188587684393,31840.84371638379,31261.262815705566,18861.436615841616,21523.5058853918,42897.89678736327,47435.79019904242,39594.97553399961,14962.822674666337,73885.87090509922,51829.73416084892,78268.549272615,17605.579863593,43474.55224304966,44154.70646267763,6480.798571888232,72329.26910253463,26133.07223842643,42606.05200261466,14794.99235614299,13944.89317465237,6991.75542162589,7768.393266924557,2100.9530053128124,8236.441484148721,82585.65110631616,17861.624036720325,6346.481598217039,3362.582322301646,15973.407138986573,1648.6663049252813
Chieti,36324.8107476051,116471.86200154501,75870.3061088218,154891.95083815677,21775.707956108206,297788.35746389296,292851.38334861345,553320.172015679,50303.641532479676,24707.324920267663,89138.22144497916,85756.25191002754,56763.82602265504,51479.077816375735,238668.29646934374,31436.61537477071,93069.81020088369,345182.2109076774,556475.2177773629,0.0,32034.01126905142,51214.320763207696,56064.33884481946,9984.499227002627,11255.58144049462,6684.703931091682,12973.696713423134,3259.902343769247,17488.591284418217,18927.829046286948,47758.43921642816,117671.43399774637,41775.99996962008,342984.00565776374,30323.26439460421,6644.831719469256,156806.81100064138,17277.35469933902,289195.8255059408,81705.63280300386,145715.2936757221,8448.28714178508,252182.56869424327,41840.368581569535,10581.97147657379,115298.55553787692,11183.225794447235,27833.44536193247,175987.6948398408,138516.71309677622,56169.924377375544,116410.16066690706,49104.96611252232,33302.4137405351,20456.420005120388,21492.616616778767,38214.6116423394,9490.82999520774,111667.18376809312,36163.56880775256,132518.88278859836,206131.12840162968,12112.149725240892,2318.688177967947,8837.2257290189,6809.134786968022,12459.454680973347,24102.875034874596,8453.349528027917,221139.31224465457,153725.29840391397,96934.00051354409,17011.43246703295,18058.554000272543,30415.591790380367,107057.04897964645,105146.84960248647,62853.14346170525,73343.48855035538,137312.9926645551,161114.8415935228,147707.90967531054,50507.8590617419,250227.04250479367,171217.39681943477,251867.4001940927,60124.47651159946,137661.32067071783,150249.5514829477,23161.30306564881,263576.69474620174,87646.62005945346,164360.52827252942,50653.4180189501,47821.413295191735,24656.859809867423,26668.884721197195,7201.166244218908,28084.262528271844,283668.1334375562,61508.81540042625,21746.929845822924,11564.600863808046,54846.21538952823,5686.288604861675
