Province,Varese,Como,Lecco,Sondrio,Milano,Bergamo,Brescia,Pavia,Lodi,Cremona,Mantova,Bolzano,Trento,Treviso,L'Aquila,Teramo,Pescara,Isernia,Lecce,Potenza,Matera,Cosenza,Benevento,Caserta,Vicenza,Belluno,Prato,Napoli,Avellino,Verona,Padova,Campobasso,Arezzo,Pistoia,Firenze,Monza,Venezia,Rovigo,Catania,Trieste,Caltanissetta,Bari,Siena,Udine,Taranto,Enna,Perugia,Terni,Fermo,Barletta,Forlì,Pordenone,Rimini,Parma,Macerata,Modena,Ferrara,Bologna,Pesaro,Ancona,Piacenza,Ascoli Piceno,Reggio nell'Emilia,Rieti,Roma,Ravenna,Frosinone,Novara,Alessandria,Asti,Biella,Cusio,Torino,Cuneo,Vercelli,Genova
Varese,0.0,1066448.005642169,537627.1836571132,32143.18630658127,3732002.525299174,1244848.0076716107,545629.9681605083,198996.42494355896,120043.2635599214,90908.62263929666,69270.04425978428,63174.28768409481,45926.74727394785,302296.606890524,36250.314590512615,15279.465444142243,4334.135361590427,2732.5532990455395,1230.30675713524,3522.871461068711,714.0989636138214,1356.4416492704236,2670.539057485558,31067.23375906867,498050.5342698575,54414.050594001084,5000.195442098566,42519.11468471475,4300.348449127478,184490.44478453623,196476.46270825568,1965.1571757797417,67579.46761770673,16240.891002612427,145158.5256262525,2016396.2992629826,78769.51061790033,17750.900049136268,35643.184658405284,18644.76863668197,1038.9528110471576,10642.415684803262,29935.656356669468,29556.848077484625,733.8485164393081,173.16845371097395,31474.53694833018,1622.6222292371351,14746.547299918773,2957.775448433268,53925.73606873559,112011.79320354146,26809.666277031083,67269.2981307581,30599.386111971788,187869.85992107185,39283.172652678426,312013.1064457666,28257.804748962873,130382.443257115,81915.51617822197,22109.752040352818,208254.19135771302,6809.995369158697,93215.56573422725,45205.67277265628,35676.87587988901,182741.14949750114,76934.04799124537,51278.396437575226,11985.045712087707,32930.774671751875,788107.982379012,55269.98561012498,126179.59891308466,247780.80015229364
Como,1066448.005642169,0.0,360539.01129601395,14663.307874906117,1704419.100204469,653728.235756216,243728.30858339468,78963.30673593147,53284.36819444756,38526.11759688736,28668.65983206005,25532.59259461571,19032.867543481556,120676.81122019124,13747.708322493489,5809.1624644072945,1644.6634622890024,1031.1370298992665,461.6602594093198,1323.9254874544272,268.35522307115184,507.7374219505349,1005.5158360549561,11692.477848077504,202857.34116432583,21695.328078640276,1936.2541993646946,15984.110100119215,1617.621443411738,76812.49889450119,79020.82602163701,741.4692179549527,25963.972980035225,6293.497801286445,56070.529295884306,1115511.562013039,31333.68741947618,7106.204952415866,13280.98772311623,7258.137748879882,386.7402789561798,4004.7681631380265,11450.6649745123,11577.648876496401,275.56123795210976,64.48359255437204,12028.185208582752,616.2380922308341,5631.704171965073,1114.1612835036187,21049.003483776356,44306.97362146891,10398.468123648105,27266.120897316345,11708.868041587362,75073.26258031993,15672.818127474053,123397.22512243236,10914.637075414934,50051.61259831321,34001.945825893126,8421.33941327183,83648.55135173573,2582.998541123156,35178.31098476523,17702.715800658138,13459.173361178273,54802.66330935523,27165.595470181957,17426.534597196896,3442.8999670693543,17180.495022566454,258100.04385451679,19228.213106915322,39240.19092979482,91677.88945004159
Lecco,537627.1836571132,360539.01129601395,0.0,23091.505295548894,1589619.761359304,1215582.199437299,341594.0706410127,78929.36602731213,61786.26422878535,47294.606579430096,35741.98187784778,32093.776548756687,24714.362146631513,146865.82762516072,15498.17411796318,6573.813193826752,1858.8103320310547,1157.5009246558232,516.7608389556284,1481.9109764693292,300.58472679913086,565.9154916933086,1126.7344790994755,13087.70613853487,253013.03295984014,26517.433946046,2209.0748404603737,17866.42521151726,1810.6444182358298,98099.81768503245,96684.8178143456,832.772207483731,29548.461221847538,7170.328206410888,63898.88808357801,1129689.1964790546,37839.03147209222,8586.851178680074,14720.023254043292,8544.273643411407,427.93603975444324,4494.462044693701,12921.22876083281,13779.769378379387,308.51549367656145,71.38759793263982,13638.374746381018,694.3786240811363,6410.368829896201,1251.3160503128308,24480.848455623676,53419.19309589808,12032.25411094191,32250.16773154945,13351.63007025406,88830.3683513921,18758.508178991506,145029.87466289217,12579.97033542559,57341.33829871458,39193.52335167947,9548.647860092316,98892.11370411691,2908.2308308655065,39351.331008913294,20718.634185325744,15080.369507154805,43363.946226707354,26210.60537652248,16623.74669731871,2942.554609639881,38490.5299442854,243719.697720865,19278.910062412935,33609.573768080845,95575.75782259346
Sondrio,32143.18630658127,14663.307874906117,23091.505295548894,0.0,93852.3731726415,74403.76579524264,40352.01546465505,5976.963750310771,4577.582667366399,4657.476656912674,4347.745964591464,5431.007559935708,4187.994317976049,20606.682703244333,1859.7810488553998,795.3050668705051,225.64575453804812,139.28350401154546,63.061845369208314,179.3157812332056,36.526955427024575,68.24256368801589,135.80480933702714,1571.1158827254926,35601.96682422773,3918.310840916067,253.18828599620295,2140.706210700096,217.97771870285027,13258.497307538937,13195.283871288455,100.58018317655738,3483.8114169709816,813.3227319953543,7376.008138873066,54000.50027181761,5152.782659234107,1113.3263392909503,1760.1324691544742,1147.4330326581787,50.9477332069686,548.424738860968,1490.6029331142713,1916.2032975173738,37.551076001150996,8.50715266854125,1621.9082529348402,82.47886259910148,782.439098393233,152.48278975240157,2976.4878352223454,7564.753708742029,1476.1889927413813,3454.6576546661963,1628.3238877097235,10301.812086754091,2344.6540882558534,17268.242646971532,1546.497641892474,7056.0609731721925,3504.6337107565987,1156.6357813844002,11090.050559314182,346.26653102377276,4640.8372694908785,2561.8440017988673,1797.9780846896017,3141.1148285742297,2254.021974285913,1481.525348155125,248.9803972571209,3555.3984558007896,22466.41390923927,1893.7743624180596,2663.900296082601,9120.659319719714
Milano,3732002.525299174,1704419.100204469,1589619.761359304,93852.3731726415,0.0,5670518.6260039285,2333197.5654140543,1453261.297018732,948854.8322149059,446588.52199125174,277184.5229768584,199316.04579805158,154013.73928046002,1029402.5006442751,121730.79099624313,51290.53587388293,14428.304834522472,9025.747319408127,3946.2518036856673,11440.39093828574,2309.617624235522,4367.604596148797,8752.101229458032,102070.04259146117,1769596.2676673753,178847.32918407192,18453.959302667205,139478.746001421,14069.85120829587,697129.4216606332,692579.2285776912,6466.843166049417,238581.98394995302,60604.87106711283,529157.0224481946,18405726.80006369,271194.5187273581,64079.6930762174,114129.17996245509,61342.86819003771,3330.8923306984175,34426.169065725415,106569.79773214264,96439.0788714258,2364.4692525121513,555.2646740131466,108767.77282914202,5520.554777753465,49723.88559236232,9608.563295998994,192878.40867683385,370552.4726880512,93725.65528285694,289219.8032174638,103801.30436688596,734627.7516657866,144491.50325926775,1169211.4556659833,97589.76548428214,442726.4387033522,449515.5289534834,74509.22542437668,845893.7681755791,23039.17083191696,313740.6497109525,160774.04242461914,118755.58194414628,553566.9439832007,313464.1053702938,177132.0032431439,27038.630824767846,96312.47480857196,2321898.1219563754,179704.28168509298,391421.1778557532,995409.3232413519
Bergamo,1244848.0076716107,653728.235756216,1215582.199437299,74403.76579524264,5670518.6260039285,0.0,1889996.9059659562,305821.1582473581,297106.391566666,227928.0312347885,157468.07108192073,118737.6042763716,97674.88216682966,569406.7509385005,57262.76211744084,24331.9474689803,6847.236016803924,4233.4422797163525,1860.331125678596,5367.85035593184,1086.9201367074336,2037.6077578227907,4101.7295944858815,47678.14767138839,1026354.415125027,100445.08988410152,8597.631130358244,64996.07712698284,6582.721947005925,425060.0644771259,385086.8726458772,3040.9513995805555,112454.86163554402,28016.142773719654,247091.2832527228,3761116.830675437,147168.46505561052,34443.63220693849,52734.97814169884,31870.157759628397,1532.9786034029976,16266.714699248128,49097.712339242586,51366.639148791175,1113.2618990012968,255.79947335650098,51259.745207343156,2581.2249714523755,23852.426908551282,4539.980850131883,95117.91711643108,202092.12894439948,46041.97209292909,139066.440837018,49879.97952765628,366363.09442150913,75562.83107870181,581829.7009191365,47718.286690105,214866.54041958257,177009.7551144508,35447.872469903195,415222.5616243451,10777.090798214642,144973.72104527178,80593.91441057685,55311.72624024345,132517.8528214423,92597.22332106289,56636.607398038985,8854.43555482247,89372.17150300511,798374.9747830997,66431.637323022,106720.26928045927,356947.93285669223
Brescia,545629.9681605083,243728.30858339468,341594.0706410127,40352.01546465505,2333197.5654140543,1889996.9059659562,0.0,169870.69197447682,157739.0369921486,240701.80527215035,199560.76673591553,100207.9591043709,94636.97808726237,531323.0351710811,46124.45823195698,19726.6309761707,5511.614286784688,3354.024725123179,1442.3622330506346,4192.544313202741,847.7678751267418,1573.7916174909114,3226.0059190097577,37486.6423946702,1076316.498532866,89405.69761171285,7436.088494494991,50945.73578859243,5163.496931149398,546203.7633292242,381864.5386724814,2406.135979678171,94801.14274215083,24237.506876484247,212066.011101614,1242028.7139288017,137524.34402727612,34189.60810083726,40281.23644527319,27093.455415952692,1168.980064353655,12724.93720249853,40772.77932588889,43901.15570229949,865.758500058146,195.21427393580456,42404.64831479696,2092.2267935792843,19593.60985795185,3564.580398145082,84947.29532026434,178657.1951412159,40012.421479409786,139131.23654072772,41265.33052096608,362618.3076822858,74471.91142968353,550757.6154419516,40784.071895668385,179418.5833274062,136808.53609944484,28907.018124084632,414631.83810710325,8696.718223569427,115322.72201746282,72770.40708528807,43872.36397329262,67277.79025738181,56867.935247100526,34885.06012597282,4893.288547275532,31601.03689552554,487472.9381382652,43963.3600718474,58337.3075667733,251186.25929525052
Pavia,198996.42494355896,78963.30673593147,78929.36602731213,5976.963750310771,1453261.297018732,305821.1582473581,169870.69197447682,0.0,76617.51101730856,40749.809051943026,23280.279177053108,14933.694935820326,11531.47465641742,82509.68804845533,10498.007633388088,4403.788163909804,1233.396995179405,772.9652262612332,332.13378702757245,971.1425203683394,195.37072656071598,370.15583566597047,746.8371035501035,8735.050226081563,141174.73747156918,14013.679835813042,1677.262194027482,11940.944234042998,1200.5785877687042,55564.44329578435,56195.24493282363,552.0778728858899,21079.12815932281,5562.900948263067,47743.44647276029,491346.0384656177,22042.405931465833,5339.683617331575,9688.98622920388,4988.406620114722,283.49316215914075,2906.6901967143713,9571.887115634947,7720.364400772685,199.578350621627,47.2406075071093,9508.230458769074,480.73839275502405,4255.070555156122,813.0371430011837,16740.47278415466,29519.779933392056,8064.2571185510005,27380.96835976875,8901.453225604031,65842.93669758872,12307.249414366006,103110.81202911024,8367.822697224263,37794.29788215611,50791.2940671558,6400.737329063021,77627.33184271098,2000.0759826688295,27332.331279521855,13798.033759091213,10245.979648498762,39840.238348183484,37729.65306357524,17921.031876611145,2075.8034597919045,5521.244167932249,207327.00194164395,16912.583134820678,33616.93919413703,111641.19003953857
Lodi,120043.2635599214,53284.36819444756,61786.26422878535,4577.582667366399,948854.8322149059,297106.391566666,157739.0369921486,76617.51101730856,0.0,37811.0183437133,18041.64695908672,10666.9884494303,8586.691361620164,58075.36666895047,6650.574058946419,2806.7094304440416,785.0902850121535,487.27168769857406,209.2422747956996,610.8115338612815,123.0698269727737,231.62180323625955,469.95964292193224,5485.746281658937,103377.76768780632,9840.866607412323,1080.9465444600023,7484.477172538869,754.3840503220828,42953.583160511334,40140.15561890415,348.4551943607245,13525.142433128029,3575.7942699218083,30698.043077860722,394035.51380971697,15408.03142291548,3777.274347684958,6017.848566013775,3359.2057628592524,175.60418879779564,1836.1906709238244,6045.247336172452,5263.471757752056,125.69794558195483,29.28316386977675,6067.678229897513,303.95469244239865,2735.8899958690035,513.9005458687328,11152.431395702295,20453.722876554428,5319.71372551802,19938.166451851805,5737.747417722581,46050.005517956335,8627.883278644294,70424.4987414202,5483.678358858477,24537.430824444556,42753.317160912426,4090.914244621335,54936.04964901405,1263.6123594806184,17095.009063738547,9280.610302731751,6434.221808586887,17915.891947456428,14811.09566661767,8096.125627131782,1062.6209583560478,4350.727925435929,103248.45539730252,8763.832559884202,14729.433819517468,55262.26449577251
Cremona,90908.62263929666,38526.11759688736,47294.606579430096,4657.476656912674,446588.52199125174,227928.0312347885,240701.80527215035,40749.809051943026,37811.0183437133,0.0,36342.98174371149,13428.388802815416,11450.103791478754,81705.60447348151,8712.129226917079,3694.3629751710164,1023.7568382237816,625.602253690724,261.3945832158609,770.5924527459825,154.88151435665193,288.8216352700106,598.1021646697154,6986.051837559504,155337.94230977073,13162.597447119575,1598.183143092832,9502.35342002946,957.4577108443959,71930.45357512878,59718.50766814764,446.26667955704596,18900.489686691548,5339.25322621861,44606.05070793679,211719.5938710976,22027.30323240594,5851.837264879603,7423.537727354086,4476.06441396887,216.37421682326243,2316.1606299688447,8382.870690595846,6968.004117770403,157.6262750119126,36.10776591254178,8239.691515783301,402.6717652386521,3644.07281696398,651.0458013316704,16409.080169441364,27611.575292451973,7537.865242111249,46441.39235017098,7706.992393061308,82147.58065777503,13764.662433241261,113569.46385354621,7616.165799286397,33184.14218185845,60105.12501274384,5418.869129775578,107405.464451013,1663.4822695263658,22186.304069421054,13655.901067341983,8293.719564137067,13009.3299433945,12817.286574582215,7392.912479139251,910.8963828899938,3868.5413839964654,96740.14620013113,9068.995278460827,11614.105629579297,61191.73932296295
Mantova,69270.04425978428,28668.65983206005,35741.98187784778,4347.745964591464,277184.5229768584,157468.07108192073,199560.76673591553,23280.279177053108,18041.64695908672,36342.98174371149,0.0,17074.487518733793,15870.840927567686,127108.78330147473,10263.657998186012,4420.078751337682,1216.2023609215482,723.32975046425,297.4097646805604,879.4231892330478,176.9791922397883,324.65895645384967,686.2879956966466,7988.514177887282,291662.43484457774,18581.03994122779,1950.3551744213664,10810.73515182959,1094.1792607304299,184131.04523716195,106672.44061801872,516.6134752222976,23300.910487603283,6362.661231463417,54619.93303444255,137361.63601043707,34967.81476800368,11079.597709393842,8196.933781130896,6011.036890817747,237.74881393033021,2663.0213408018267,9807.767466361716,9426.749703793324,179.68212661961394,39.734482894849634,9981.316969568012,473.7909853452208,4472.824160874361,751.2293969742545,23285.576798919457,39199.91196775227,10208.078521926634,40791.72484750704,9554.591073814994,136861.78897211677,25921.32358456453,180172.17897589272,10020.19388377931,42014.990936853064,20443.013252573084,6542.7721756834335,149280.94122747678,1950.5494417419743,25324.100343369682,20132.0194038681,9530.175742113568,9317.721060813688,9025.017924455764,5628.624603970378,722.457874716235,3196.474540853258,78376.06968715398,7665.599147932176,8519.799428061648,45939.26917101313
Bolzano,63174.28768409481,25532.59259461571,32093.776548756687,5431.007559935708,199316.04579805158,118737.6042763716,100207.9591043709,14933.694935820326,10666.9884494303,13428.388802815416,17074.487518733793,0.0,36382.87761376485,157321.75354704872,8856.338807328679,3866.257152432946,1103.8507926417738,664.022244005202,306.4494733643396,859.5582711274888,176.58291967726618,322.5314442925392,647.7611446132506,7426.967063007339,224456.3329708047,41889.484739863125,1079.6975614067244,10063.811596305453,1035.6828387876897,59635.08203400668,83671.30130169238,483.25448954591417,15940.938336608857,3389.6573074589937,32027.753352277658,103615.15341607561,34900.97378225041,6057.538025649678,8116.941092003475,7719.406253208664,232.6969285830829,2680.3428595505734,6502.254106626401,14927.285569885962,181.83009593433937,38.948172126880564,7584.299838270997,384.0959287868576,3896.9205812836876,744.6058379360252,14491.835287081045,63937.353109693686,7426.9589690589955,12040.425869928013,8099.423794867264,42526.78743229503,11616.0980739257,77588.9188826427,7848.23582019743,35943.80509905002,9709.134802136188,5646.1484894452815,42417.72722737432,1620.1745705079347,21194.46199938202,12994.552865566524,8401.580982159096,7482.820730196926,6355.211729609368,4292.812810992123,644.6178366271745,3206.5292467095096,65955.61474293865,6140.259788965774,6812.735725033169,29067.922059828994
Trento,45926.74727394785,19032.867543481556,24714.362146631513,4187.994317976049,154013.73928046002,97674.88216682966,94636.97808726237,11531.47465641742,8586.691361620164,11450.103791478754,15870.840927567686,36382.87761376485,0.0,115548.40781163287,5992.195917219184,2609.0150585986694,736.9289394665786,441.1555008265848,196.57266589145183,560.3839719152215,114.41264633187323,209.1697658860961,426.7752004440595,4914.160690520783,224595.93626427124,23834.076049411084,809.3494459716944,6655.323144592716,681.6918557454135,63824.70313414091,71035.78074066657,319.3446916776484,11450.523325834458,2557.777853009626,23747.156666361956,80489.56262059372,25987.718076528403,5011.2727156186465,5268.8957097506745,4785.339266173285,151.58560284888463,1732.4543191578337,4692.040621487626,8708.454640212849,117.29530327077572,25.360269538169632,5311.232200804409,264.19086534839073,2638.6901779001223,483.60972765075394,10765.793114535436,39129.84481278443,5319.842773486345,10020.775822736032,5529.928992201374,34907.4855890493,9477.609917878128,61439.19734119289,5506.896064004677,24548.026037125397,7888.101487474305,3826.8887335214886,35091.91975928712,1107.151048592571,14438.788902929302,9665.448798844463,5644.363122959398,5484.89397806916,4693.385971481588,3097.778096764213,453.9125850960664,2492.7187174368414,46372.97803805552,4317.037728289063,4946.028986396421,21605.636188107976
Treviso,302296.606890524,120676.81122019124,146865.82762516072,20606.682703244333,1029402.5006442751,569406.7509385005,531323.0351710811,82509.68804845533,58075.36666895047,81705.60447348151,127108.78330147473,157321.75354704872,115548.40781163287,0.0,69308.34428263133,30931.18247396997,8670.314670088424,4976.606480248628,2144.924562332576,6179.259132576895,1262.0067825365604,2247.687485223737,4756.03415851735,54503.06758028861,2597581.729259692,376886.2802280679,8774.835504458164,73248.47289328543,7548.285412498622,435503.9665284826,1593540.6171725625,3609.1243284363773,133709.84745064715,26987.38885854816,262776.00046238024,518121.6305956362,1111718.5856411038,79453.1123779846,55097.105955440114,82706.5723591888,1576.4137101666315,19294.092409709985,51605.010376376384,156632.74088961698,1286.7633810319116,264.2626030894348,62492.18515653989,3029.339465556875,32573.83686352324,5425.050638794488,141288.78718861632,1006644.3485983175,71932.67443094886,84063.17892676969,68992.20180861671,351143.2644847909,125552.87329618365,708195.5175315471,73774.93649011587,318197.7297572368,57694.55013104667,45933.70966631292,322499.36045125005,12673.360382428575,159600.54785287468,136832.3421972159,63065.71489616035,38815.12383173217,36059.93472280046,24112.4081909623,3307.8666424150224,13725.54855813256,360660.27471795294,35713.75142686873,36112.598388074824,179027.48971100352
L'Aquila,36250.314590512615,13747.708322493489,15498.17411796318,1859.7810488553998,121730.79099624313,57262.76211744084,46124.45823195698,10498.007633388088,6650.574058946419,8712.129226917079,10263.657998186012,8856.338807328679,5992.195917219184,69308.34428263133,0.0,61642.58728987218,11805.027275866223,5238.732339761058,854.9483703256667,3356.0113247606864,608.7380126734146,1006.6681230266211,3476.042687499785,43275.32154000084,90474.96568529455,10932.591871160597,1809.8672074898263,53785.57984667321,5175.662354014541,26684.43155127525,43093.74101555514,3129.6957685722505,44906.313527449114,5285.63007157426,60074.09616779278,58761.02361845266,20204.401958835508,4343.856704028714,22126.568805995765,6378.355691277053,638.8472100639253,9072.668750583336,16682.214575082926,8025.256808036955,566.9312009034821,107.6944099235623,36066.83931836409,3796.6918925112404,25110.71250366919,2847.486804925246,23142.84879496902,26944.01697925019,15365.108460956659,9743.706761316122,43732.39598917254,39803.37661483241,10086.428229116658,86457.14486600981,20070.643536781827,134424.2547957469,6880.0031168705855,62847.75621755335,37342.12373650474,24844.483183014872,175505.75611278208,18224.79196829551,86855.30604698595,5110.1950771712445,5331.530191581259,3738.7297408381046,463.01826535475584,1351.4138694499736,56837.14712737189,6431.012329525335,5007.516933507283,29558.3158329587
Teramo,15279.465444142243,5809.1624644072945,6573.813193826752,795.3050668705051,51290.53587388293,24331.9474689803,19726.6309761707,4403.788163909804,2806.7094304440416,3694.3629751710164,4420.078751337682,3866.257152432946,2609.0150585986694,30931.18247396997,61642.58728987218,0.0,7123.999834360536,1877.869527503351,359.1803594627059,1357.4155834795336,252.39431234401414,404.5139776762784,1340.0129095296436,15858.61240131334,39748.68079216113,4849.745624395765,757.1078702177825,19692.40117416705,1987.6099647432773,11572.884085319636,19099.98124719324,1222.5000909016815,18864.000026575373,2205.3030035361685,25096.47126421509,24818.2529124677,9065.465763823602,1922.429841305286,8775.329121553492,2935.163990814614,250.91656287562355,3848.174094044431,6715.0428291362505,3623.898162193254,236.40653514575996,42.34819536191164,14922.909933920388,1192.8180379298044,17547.25745757752,1208.056003208607,10304.354007148586,12077.41622611981,7117.501070939034,4128.960470612337,25890.808562023398,17051.418951217136,4433.876182798085,37414.13892683703,9684.845906187955,73319.21275122638,2898.654405485499,62864.07730089744,15892.08472045497,6163.622388818076,50490.343015539795,8210.337755641187,24451.59195980331,2140.654987227802,2215.1265118138836,1548.6931000546163,193.4147127658387,575.307883373394,23539.895000457243,2634.608591143111,2090.8122450590054,12184.723793029274
Pescara,4334.135361590427,1644.6634622890024,1858.8103320310547,225.64575453804812,14428.304834522472,6847.236016803924,5511.614286784688,1233.396995179405,785.0902850121535,1023.7568382237816,1216.2023609215482,1103.8507926417738,736.9289394665786,8670.314670088424,11805.027275866223,7123.999834360536,0.0,751.9074971777978,123.44999323470866,491.05130466503454,90.28741712243688,137.06599066865977,509.35271748785374,5797.569742747196,11055.78037870123,1379.1169461965035,196.6806567120021,6962.57149045677,732.5482405858844,3209.923288114288,5288.109683859579,511.2558381844109,4574.6380440495905,578.0488753107632,6442.969262969327,6990.550302732958,2520.6053892905406,524.2806943605865,2843.0088705131475,845.0976532504573,80.43285364852458,1394.732055096477,1686.9429276923777,1041.8484784747209,82.84866636538243,13.617441723373751,3291.4472523033432,248.81943978305628,3453.0974367711015,453.6611626609799,2653.587715960314,3432.6864898952963,1787.4912408840041,1129.7615325074382,5294.793753587949,4597.180476022084,1195.7262357189757,9944.971321009989,2376.8103584123373,17349.45721209464,804.9030362583834,6855.745602213546,4313.84639122022,1274.069676801946,13115.257326978211,2145.394248302877,7583.914285220603,605.05007537158,621.9130569712604,436.8314895927545,55.010430687778566,162.86812327469,6686.276205136798,746.1335630579377,591.1293247363399,3385.8624509828346
Isernia,2732.5532990455395,1031.1370298992665,1157.5009246558232,139.28350401154546,9025.747319408127,4233.4422797163525,3354.024725123179,772.9652262612332,487.27168769857406,625.602253690724,723.32975046425,664.022244005202,441.1555008265848,4976.606480248628,5238.732339761058,1877.869527503351,751.9074971777978,0.0,98.74111682034999,497.80575580858135,80.51668416809184,123.79449951343945,814.6119462607428,11013.517751417836,6453.859746778722,806.9411899605054,115.08617683550365,10711.989538125701,1046.1067016535028,1903.667218528728,3038.7171875644626,1070.6012497916822,2516.3609096500727,341.96455833928206,3735.535462672194,4363.581199092844,1427.7643214248762,298.6343949549622,2437.3296164347175,470.4808854503923,69.19016619685402,1158.58872277241,991.6576793506563,597.3410935405986,69.94714549786563,11.754909842062782,1703.2574071912006,134.38421776616764,1189.2192119625104,394.16428623591656,1443.0699647197614,1976.0584859112148,918.4169251103832,682.8878078543675,2090.162431035194,2705.3252111246425,681.5052275398039,5714.45425916616,1158.8625215926033,7394.704543699787,497.1584605753833,2188.387964229648,2574.6422183400387,694.183717878705,9768.11567092062,1162.0489293569267,8537.931119179058,383.52028943172394,396.01258981597147,280.75043457449226,35.24321434014459,100.99736112213282,4331.586128110451,489.3814246051698,376.5759639609795,2154.9661333148624
Lecce,1230.30675713524,461.6602594093198,516.7608389556284,63.061845369208314,3946.2518036856673,1860.331125678596,1442.3622330506346,332.13378702757245,209.2422747956996,261.3945832158609,297.4097646805604,306.4494733643396,196.57266589145183,2144.924562332576,854.9483703256667,359.1803594627059,123.44999323470866,98.74111682034999,0.0,283.8499236923454,89.39676108996069,128.95265257509993,128.42687770453804,1300.6200646840741,2737.6692717153023,364.29474866894935,40.39093172249461,1811.3066529513155,217.21523212161284,801.939628751121,1269.360675560971,81.8871843577288,780.7005758021803,122.17532592992823,1277.9676111183758,1918.6983024451488,600.0735819437579,119.91015084191174,1848.551051536843,211.39632874617064,45.09369566612375,1287.6805458601323,316.0326490965143,274.1506161459026,166.51993711853444,7.840930183606414,463.19373866630883,29.81567763463307,301.7576222067107,243.62686386464534,509.8979281881686,883.5622942334498,310.6818435401975,274.7215312093452,561.3924120929235,1050.478810317303,266.1592409250474,2149.382082780907,377.07073378343404,2224.100342779746,208.35354613292174,475.83468435453085,1015.1469919498924,137.8230833805462,1959.607241289236,422.82329286764724,992.863098017953,169.8632032557035,170.2889554199309,122.31928203469593,15.932658605334417,45.33133015034866,1934.3147089081303,213.61807002638417,166.56117987353042,889.4696406030654
Potenza,3522.871461068711,1323.9254874544272,1481.9109764693292,179.3157812332056,11440.39093828574,5367.85035593184,4192.544313202741,971.1425203683394,610.8115338612815,770.5924527459825,879.4231892330478,859.5582711274888,560.3839719152215,6179.259132576895,3356.0113247606864,1357.4155834795336,491.05130466503454,497.80575580858135,283.8499236923454,0.0,436.4805101031579,400.83945058864913,894.7640928521862,7751.905135529181,7960.110642982244,1028.9708994122625,127.59538408397655,10871.40883427143,1667.016778466282,2344.1012503292613,3710.2495074045155,450.4034365221997,2570.831383349971,383.6989844101488,4074.3128254966105,5545.036837802572,1746.6435605253141,356.4679251172575,5146.432425687734,596.1815782671996,134.4316320491211,4087.1867630880556,1037.4312847788717,766.8317150577,261.6968274056472,23.321196855995005,1591.143609090276,109.27341226085441,1054.4573955898675,1306.0021245656305,1594.2317252444693,2502.8593022524924,984.9588128982616,822.4341314530882,1924.2469135669548,3181.914858194806,801.0486139602083,6581.294119283136,1211.088702530852,7342.587767013715,614.5649700790439,1737.3850149337675,3060.368931659596,520.1926446881203,7592.54850306889,1305.6940971041226,4335.058600961986,490.81253718387853,499.45797277884475,357.3372886543421,45.69913398981717,129.55617762918504,5596.25089309949,626.7234948179388,482.1283002206513,2658.0968021681474
Matera,714.0989636138214,268.35522307115184,300.58472679913086,36.526955427024575,2309.617624235522,1086.9201367074336,847.7678751267418,195.37072656071598,123.0698269727737,154.88151435665193,176.9791922397883,176.58291967726618,114.41264633187323,1262.0067825365604,608.7380126734146,252.39431234401414,90.28741712243688,80.51668416809184,89.39676108996069,436.4805101031579,0.0,85.14212350753091,120.87867810225956,1125.1777415515915,1616.1879908160959,211.4807797603246,25.026692430306447,1554.1305739296472,208.72833459252433,474.11526331844124,752.8713704832892,70.8868845336716,497.5867927262164,75.38085563096011,796.6514267175812,1121.0500000420157,355.63662015311104,71.86943312275694,1038.193514479338,123.48958645339793,26.34217428931118,1639.7532883393699,200.2999740625545,158.73558844709805,118.18815257216659,4.577639908127321,303.46246362403843,20.26366770186252,202.94958913305013,308.31396717325566,315.6971995903297,514.8306171040616,194.65810709707162,164.44518398867513,371.8461620984342,634.6340240918144,160.6412967114938,1309.321344453984,238.79920832965018,1441.4139174901388,123.37519540322464,327.37005664842764,610.8520965332626,95.3384583017462,1363.097564239283,260.06029416696754,740.019085038249,99.08979230696325,100.21437572941875,71.74794667652023,9.242821421543299,26.324972288975868,1126.9691422487228,125.40776495229025,97.22398195343523,529.5421336573855
Cosenza,1356.4416492704236,507.7374219505349,565.9154916933086,68.24256368801589,4367.604596148797,2037.6077578227907,1573.7916174909114,370.15583566597047,231.62180323625955,288.8216352700106,324.65895645384967,322.5314442925392,209.1697658860961,2247.687485223737,1006.6681230266211,404.5139776762784,137.06599066865977,123.79449951343945,128.95265257509993,400.83945058864913,85.14212350753091,0.0,172.12044712483427,1815.9950442902616,2919.6874777994167,379.10315021963476,45.76858102738398,2696.8228668533975,311.3804022568493,866.355741432538,1348.4335815343945,99.85086624426681,888.1313890819157,138.54768758824906,1451.0465618135117,2116.1306021717605,630.2128592790874,128.6559884649497,3679.1108808488793,212.67604227585963,83.41392679272266,918.6665806401493,366.1903516750347,278.83992047457355,92.97548693589567,14.934769789382132,531.1926497317618,35.328795326287285,327.0620764796547,223.64022740093404,558.5191927745932,912.6900572400075,337.39492959891385,305.0622996275877,611.4378645765117,1161.024669256481,288.5247125971647,2368.89988269163,407.27602443585255,2374.6537276912118,231.65720433890053,530.938501238768,1125.67861933078,164.55277766963673,2478.5916601319127,457.97845664920436,1277.7855196085516,189.1016513211473,191.97866825007242,138.3415880062402,17.770990726913304,49.38949134162052,2185.625999425938,245.38114634718806,186.23265281292527,1013.980239653896
Benevento,2670.539057485558,1005.5158360549561,1126.7344790994755,135.80480933702714,8752.101229458032,4101.7295944858815,3226.0059190097577,746.8371035501035,469.95964292193224,598.1021646697154,686.2879956966466,647.7611446132506,426.7752004440595,4756.03415851735,3476.042687499785,1340.0129095296436,509.35271748785374,814.6119462607428,128.42687770453804,894.7640928521862,120.87867810225956,172.12044712483427,0.0,18000.99298410783,6155.075257515774,780.9030871681092,104.61695211261093,17508.258593221504,4192.697442944927,1815.9363932190147,2882.7662363669638,865.1549321904862,2191.713678542022,312.817076703937,3367.7658472587054,4235.072666034686,1354.7314560398324,280.34075997935827,3004.7726314486904,453.18850896260153,83.39989176304424,1624.9029909156277,877.1583821772026,579.2258886038908,97.20161923465771,14.27759720827017,1413.8143986756425,103.58888921206615,955.0826994145855,583.7355534068979,1304.4795156529854,1905.2429091877443,816.851304695627,645.9505368903731,1713.0517473371242,2527.5430056710684,635.3544234113343,5280.728832973428,1016.3981692521754,6310.5785055972965,476.4382040985078,1650.300044823094,2419.0992512972903,510.31933423219385,7503.680257200585,1058.6629452470572,5105.5871944501605,373.83825163720877,383.8042789011566,273.3931637833396,34.57732572661287,98.36050140264253,4247.97235687933,478.79546487912194,367.3039438251611,2068.650880634605
Caserta,31067.23375906867,11692.477848077504,13087.70613853487,1571.1158827254926,102070.04259146117,47678.14767138839,37486.6423946702,8735.050226081563,5485.746281658937,6986.051837559504,7988.514177887282,7426.967063007339,4914.160690520783,54503.06758028861,43275.32154000084,15858.61240131334,5797.569742747196,11013.517751417836,1300.6200646840741,7751.905135529181,1125.1777415515915,1815.9950442902616,18000.99298410783,0.0,71003.08339218283,8923.245103665735,1242.8468942509617,404159.42908741784,26556.180105881118,21046.35800526397,33215.41265003068,7905.342100340695,26217.585074106464,3714.346687598382,40089.57994050238,49327.397154341794,15540.552170739245,3244.427839562189,34144.01648326354,5113.256753196411,967.8558790821729,15118.68056597731,10574.964680218834,6564.867756572157,950.5223543398856,165.07346740965403,17064.67367111986,1289.4086323355104,11031.142097048172,5079.312072333926,15263.956893340932,21714.985153980306,9521.704024130639,7569.687181230353,19927.88384634558,29611.013714435,7386.833005510052,61863.398241771676,11810.487996324318,72632.52510352628,5575.26035529915,19455.028494596983,28358.281858673385,6424.581204476392,99398.66620276132,12318.360981610334,74004.76868502545,4364.257423880408,4503.742650143788,3208.491224899871,403.4276677616473,1140.5657800643341,49766.246153659755,5641.50526486579,4293.4229938717845,24412.621148295697
Vicenza,498050.5342698575,202857.34116432583,253013.03295984014,35601.96682422773,1769596.2676673753,1026354.415125027,1076316.498532866,141174.73747156918,103377.76768780632,155337.94230977073,291662.43484457774,224456.3329708047,224595.93626427124,2597581.729259692,90474.96568529455,39748.68079216113,11055.78037870123,6453.859746778722,2737.6692717153023,7960.110642982244,1616.1879908160959,2919.6874777994167,6155.075257515774,71003.08339218283,0.0,311441.2363658121,13439.379161300243,95742.63423025381,9791.423986126469,1297151.9115514394,2854909.09750628,4650.9058076870915,187133.4546949276,42092.8759056801,393210.22240149387,895771.7092347579,625148.6015197841,140507.70952896465,72597.66869424691,74761.95656424567,2089.1225392756705,24530.074904349036,74498.6643459858,128057.00777154755,1645.99971909678,349.7335747457701,84260.60729390047,4046.2200700449994,41121.02125027159,6901.76207240765,198014.12607640502,617720.3324760204,93341.37501620458,156874.62069719966,87459.01604247511,640969.553021469,219308.93294887463,1177747.4008847997,93252.28872883586,395001.66122143023,103774.77472330906,58937.897408578705,597950.1469741168,16815.486281668345,214617.4545708865,185328.13406414734,83128.18421281238,63717.14865786631,58824.90996533352,38478.00262969288,5249.129190335653,23810.305874988364,563842.2786410457,54995.754932166914,58576.63356143387,289987.95127753186
Belluno,54414.050594001084,21695.328078640276,26517.433946046,3918.310840916067,178847.32918407192,100445.08988410152,89405.69761171285,14013.679835813042,9840.866607412323,13162.597447119575,18581.03994122779,41889.484739863125,23834.076049411084,376886.2802280679,10932.591871160597,4849.745624395765,1379.1169461965035,806.9411899605054,364.29474866894935,1028.9708994122625,211.4807797603246,379.10315021963476,780.9030871681092,8923.245103665735,311441.2363658121,0.0,1289.9882059123465,12027.935048454658,1243.0843057391091,64080.32390039876,136342.09883131948,588.1381424786426,19780.17676053635,3993.5308759847903,38646.24759334647,90888.25911870493,67902.78362333775,8690.767640513679,9355.876975639645,13311.683520821874,267.19754053357,3232.622873675859,7796.943758321307,31364.56666006804,216.9504143148192,44.785937133052684,9451.47064017636,471.3180816501738,5013.27452915628,902.4139331714008,19135.894670091027,204789.59640259529,9990.161048388123,12835.96220061011,10476.46570590175,49775.156380544126,15470.957136148934,96493.80309302438,10537.935939759522,47583.04039808673,9451.445071184155,7135.512194871051,47451.9999620702,1986.1462849966629,25408.207833531986,17803.504316587732,10142.063767254162,6807.218397908051,6131.377860426367,4139.724552669832,587.9108413187726,2523.740314408547,62927.985564259325,6112.853925464149,6305.16940145601,29527.880993078757
Prato,5000.195442098566,1936.2541993646946,2209.0748404603737,253.18828599620295,18453.959302667205,8597.631130358244,7436.088494494991,1677.262194027482,1080.9465444600023,1598.183143092832,1950.3551744213664,1079.6975614067244,809.3494459716944,8774.835504458164,1809.8672074898263,757.1078702177825,196.6806567120021,115.08617683550365,40.39093172249461,127.59538408397655,25.026692430306447,45.76858102738398,104.61695211261093,1242.8468942509617,13439.379161300243,1289.9882059123465,0.0,1674.8066935758418,165.87538991188285,4411.1297863499885,6269.478838253871,79.96020500639789,7311.881696968311,6606.338834017498,57776.70690190029,8770.166068452281,2611.126137194646,725.2760181828271,1144.3971378237684,591.1926072317062,33.527887544269056,373.3318927572522,3721.823202009544,815.935442892998,24.949101220101884,5.600977074382313,2286.6899113615946,94.45701848160259,755.5072921096868,107.4425874354698,4682.554728368286,3035.651409912813,1886.177752062566,2189.375160015915,1671.7650454706447,10895.384566620316,2003.663319089126,25767.55635178535,1777.3137735994048,6989.8142825510595,1235.5214578252615,1140.9011772575132,9515.378297887555,369.83085987415643,4692.915881126036,3105.8258617019032,1614.3589043511595,730.4625650278391,813.8858674122706,535.8631503091809,61.59317018865063,189.47514389606684,7537.497060457175,849.4731235301518,710.5016104161665,5034.07828092685
Napoli,42519.11468471475,15984.110100119215,17866.42521151726,2140.706210700096,139478.746001421,64996.07712698284,50945.73578859243,11940.944234042998,7484.477172538869,9502.35342002946,10810.73515182959,10063.811596305453,6655.323144592716,73248.47289328543,53785.57984667321,19692.40117416705,6962.57149045677,10711.989538125701,1811.3066529513155,10871.40883427143,1554.1305739296472,2696.8228668533975,17508.258593221504,404159.42908741784,95742.63423025381,12027.935048454658,1674.8066935758418,0.0,34188.4464208332,28464.659513195256,44665.50781260179,7686.47521621665,34906.53639045429,5015.803279295077,53916.403036219825,67375.36887936568,20841.85881126547,4357.330349704913,50947.058342765595,6824.757736227419,1452.7250154876062,20287.62436375329,14221.168684876495,8809.703942030501,1323.4647428815938,247.9677637783741,22439.3441560877,1677.4906344587544,14019.341458756131,6597.86265859981,20346.24400321975,29181.269332373646,12589.3653518734,10274.086145402602,25590.845296121734,39991.55959427904,9922.428431490704,83200.51895561705,15509.907768568359,93975.3081519608,7599.191259885298,24506.935209596955,38397.687919120006,8268.352782869286,132368.51644986196,16412.909948055843,91956.58018323527,5980.004831974205,6176.8851647613055,4409.194077117871,554.0260810290125,1555.6362992241534,68510.14449418512,7786.966304828555,5889.169922776461,33471.338819940625
